ISS [Orbit 3738]        
1 25544U 98067A   17011.52522761  .00016717  00000-0  10270-3 0  9007
2 25544  51.6427  99.2915 0007121  73.3624 286.8310 15.54035554 37384
ISS [Orbit 3754]        
1 25544U 98067A   17012.55411171  .00016717  00000-0  10270-3 0  9014
2 25544  51.6434  94.1634 0007083  76.3811 283.8130 15.54076643 37541
ISS [Orbit 3769]        
1 25544U 98067A   17013.51868835  .00016717  00000-0  10270-3 0  9025
2 25544  51.6427  89.3564 0007135  78.8851 281.3104 15.54036288 37691
ISS [Orbit 3769]        
1 25544U 98067A   17013.51868815  .00016717  00000-0  10270-3 0  9034
2 25544  51.6427  89.3565 0007177  78.2512 281.9445 15.54043973 37699
ISS [Orbit 3775]        
1 25544U 98067A   17013.90451886  .00016717  00000-0  10270-3 0  9044
2 25544  51.6417  87.4343 0007468  77.5378 282.6610 15.54052649 37755
ISS [Orbit 3791]        
1 25544U 98067A   17014.93339447  .00016717  00000-0  10270-3 0  9057
2 25544  51.6411  82.3068 0007397  81.3534 278.8457 15.54064279 37911
ISS [Orbit 3806]        
1 25544U 98067A   17015.89796104  .00016717  00000-0  10270-3 0  9061
2 25544  51.6423  77.4985 0007398  84.2101 275.9894 15.54082154 38062
ISS [Orbit 3808]        
1 25544U 98067A   17016.02656883  .00016717  00000-0  10270-3 0  9077
2 25544  51.6436  76.8590 0007164  85.3222 274.8748 15.54056039 38089
ISS [Orbit 3824]        
1 25544U 98067A   17017.05543522  .00016717  00000-0  10270-3 0  9087
2 25544  51.6431  71.7298 0007378  87.4896 272.7101 15.54063192 38246
ISS [Orbit 3839]        
1 25544U 98067A   17018.01999271  .00016717  00000-0  10270-3 0  9091
2 25544  51.6420  66.9217 0007249  91.3105 268.8878 15.54095406 38391
ISS [Orbit 3855]        
1 25544U 98067A   17019.04885177  .00016717  00000-0  10270-3 0  9106
2 25544  51.6429  61.7935 0007226  95.4185 264.7790 15.54090052 38556
ISS [Orbit 3870]        
1 25544U 98067A   17020.01340193  .00016717  00000-0  10270-3 0  9110
2 25544  51.6422  56.9841 0007193  98.4871 261.7097 15.54111245 38701
ISS [Orbit 3886]        
1 25544U 98067A   17021.04225155  .00016717  00000-0  10270-3 0  9125
2 25544  51.6420  51.8562 0007115 101.8244 258.3707 15.54137024 38860
ISS [Orbit 3893]        
1 25544U 98067A   17021.49237480  .00016717  00000-0  10270-3 0  9139
2 25544  51.6426  49.6126 0007616 105.7105 254.4888 15.54142212 38932
ISS [Orbit 3909]        
1 25544U 98067A   17022.52121953  .00016717  00000-0  10270-3 0  9142
2 25544  51.6424  44.4839 0007579 108.8475 251.3500 15.54110012 39094
ISS [Orbit 3925]        
1 25544U 98067A   17023.55005937  .00016717  00000-0  10270-3 0  9150
2 25544  51.6426  39.3560 0007517 111.2643 248.9313 15.54121054 39257
ISS [Orbit 3940]        
1 25544U 98067A   17024.51459404  .00016717  00000-0  10270-3 0  9160
2 25544  51.6410  34.5479 0007494 115.7786 244.4141 15.54108164 39401
ISS [Orbit 3956]        
1 25544U 98067A   17025.54342727  .00016717  00000-0  10270-3 0  9174
2 25544  51.6404  29.4192 0007407 118.6384 241.5514 15.54123882 39562
ISS [Orbit 3970]        
1 25544U 98067A   17026.50795378  .00016717  00000-0  10270-3 0  9186
2 25544  51.6407  24.6109 0007508 121.5812 238.6074 15.54132661 39700
