METEOSAT-7              
1 24932U 97049B   16353.70372741  .00000039  00000-0  00000+0 0  9999
2 24932  10.4391  38.8936 0001275 258.0868 101.8669  1.00268280 70655
NOAA 15                 
1 25338U 98030A   16354.49278433  .00000023  00000-0  28502-4 0  9996
2 25338  98.7843 359.0290 0010835  13.9000 346.2476 14.25769196967396
METEOSAT-8 (MSG-1)      
1 27509U 02040B   16353.72667251  .00000132  00000-0  00000+0 0  9998
2 27509   4.5297  59.0240 0000417 271.4476  60.4490  1.00262849 52489
KALPANA-1 (METSAT 1)    
1 27525U 02043A   16349.71977983 -.00000086  00000-0  00000+0 0  9998
2 27525   6.0421  56.4535 0016327 224.1669 135.5200  1.00272236 52234
INSAT-3A                
1 27714U 03013A   16354.21589817  .00000087  00000-0  00000+0 0  9992
2 27714   0.7781  88.8436 0016297 220.6963 243.6261  0.99806194 50180
NOAA 18                 
1 28654U 05018A   16354.53559947  .00000010  00000-0  30718-4 0  9999
2 28654  99.1936   6.2590 0013861 212.5600 147.4717 14.12318712596901
METEOSAT-9 (MSG-2)      
1 28912U 05049B   16354.05097286  .00000052  00000-0  00000+0 0  9992
2 28912   1.8560  70.0834 0000246 249.1327 156.5774  1.00266040 40318
HIMAWARI-7 (MTSAT-2)    
1 28937U 06004A   16354.01943590 -.00000251  00000-0  00000+0 0  9997
2 28937   0.0668  98.0676 0003634 177.6102 324.3900  1.00271851 39588
FORMOSAT-3 FM6          
1 29047U 06011A   16354.50660339  .00000023  00000-0  25098-4 0  9994
2 29047  71.9777 193.8032 0048735 102.6752 257.9839 14.28551276559113
FORMOSAT-3 FM1          
1 29048U 06011B   16353.80918505  .00000052  00000-0  37049-4 0  9999
2 29048  71.9678 107.5743 0042552  56.8959 107.3880 14.28491864561499
FORMOSAT-3 FM5          
1 29049U 06011C   16354.32952951  .00000084  00000-0  49377-4 0  9993
2 29049  72.0208 270.9490 0033006  96.7397 263.7497 14.28530745557340
FORMOSAT-3 FM3          
1 29050U 06011D   16354.52046282  .00000216  00000-0  56191-4 0  9997
2 29050  72.0143 186.5319 0048678 124.4499 236.1268 14.58423135570370
FORMOSAT-3 FM4          
1 29051U 06011E   16353.58341034  .00000008  00000-0  19093-4 0  9995
2 29051  72.0042 176.8645 0069311 331.3445  28.3889 14.28551725559821
FORMOSAT-3 FM2          
1 29052U 06011F   16353.17877203  .00000099  00000-0  55071-4 0  9999
2 29052  72.0347 248.1095 0038453  59.6868 300.8063 14.28639190558086
GOES 13                 
1 29155U 06018A   16353.96269053 -.00000259  00000-0  00000+0 0  9991
2 29155   0.2148 103.1934 0001329 264.8173 351.9883  1.00265715 38753
METOP-A                 
1 29499U 06044A   16353.54891015  .00000003  00000-0  21431-4 0  9996
2 29499  98.7057  49.9574 0001158  43.0980  83.0681 14.21485518527478
FENGYUN 2D              
1 29640U 06053A   16353.46996677 -.00000370  00000-0  10000-3 0  9992
2 29640   4.1214  65.2822 0003215 300.8166  14.1472  1.00278952 36782
FENGYUN 3A              
1 32958U 08026A   16354.56155543  .00000035  00000-0  35918-4 0  9994
2 32958  98.4298  26.0287 0010727  82.1922 278.0475 14.19643584443857
FENGYUN 2E              
1 33463U 08066A   16349.91159314 -.00000210  00000-0  00000-0 0  9999
2 33463   1.8359  65.3570 0004280 216.4510 216.9829  1.00278053 29280
NOAA 19                 
1 33591U 09005A   16354.51605092  .00000103  00000-0  81015-4 0  9995
2 33591  99.0674 313.0446 0014886  59.3299 300.9337 14.12136785405296
GOES 14                 
1 35491U 09033A   16354.04523945 -.00000102  00000-0  00000+0 0  9991
2 35491   0.1241 270.3117 0008520 324.0317 125.5742  1.00272897 27391
METEOR-M 1              
1 35865U 09049A   16354.48228569 -.00000013  00000-0  13118-4 0  9995
2 35865  98.4381  18.0518 0001683 338.3379  21.7728 14.22091227376552
GOES 15                 
1 36411U 10008A   16354.13051893  .00000079  00000-0  00000+0 0  9998
2 36411   0.1619 265.3555 0001430 336.0590 118.5684  1.00278828 24925
COMS 1                  
1 36744U 10032A   16352.70985902 -.00000354  00000-0  00000-0 0  9990
2 36744   0.0187  26.2807 0001281 272.2780 171.9841  1.00271721 16310
FENGYUN 3B              
1 37214U 10059A   16354.54157884 -.00000014  00000-0  15513-4 0  9998
2 37214  98.8694 307.9826 0016348 293.3582  66.5865 14.15835902317120
ELEKTRO-L 1 (GOMS 2)    
1 37344U 11001A   16354.16242519 -.00000169  00000-0  00000+0 0  9999
2 37344   2.0723  78.5485 0003077 249.7648 158.3651  1.00247354 21706
SUOMI NPP               
1 37849U 11061A   16353.85747152  .00000016  00000-0  28357-4 0  9993
2 37849  98.7185 289.1765 0000718  36.4778  28.5884 14.19553642266504
FENGYUN 2F              
1 38049U 12002A   16352.93019128 -.00000368  00000-0  00000-0 0  9997
2 38049   1.3477  77.3599 0001820 237.3014 219.3048  1.00268663 18119
METEOSAT-10 (MSG-3)     
1 38552U 12035B   16353.75670215 -.00000015  00000-0  00000+0 0  9991
2 38552   0.6221  37.5313 0001958 237.4531  84.9902  1.00275788 16452
METOP-B                 
1 38771U 12049A   16354.48945758 -.00000003  00000-0  18599-4 0  9991
2 38771  98.7060  51.4281 0001827  67.4016 353.9495 14.21488808220748
FENGYUN 3C              
1 39260U 13052A   16354.39688167 -.00000007  00000-0  16990-4 0  9995
2 39260  98.6719  62.0582 0001406 104.7711 255.3627 14.19634809167871
METEOR-M 2              
1 40069U 14037A   16354.56482257 -.00000032  00000-0  52485-5 0  9997
2 40069  98.6822  46.7825 0006078  23.8149 336.3312 14.20637611127053
HIMAWARI-8              
1 40267U 14060A   16353.36675282 -.00000287  00000-0  00000+0 0  9994
2 40267   0.0180  56.7897 0000902 209.1863  94.0137  1.00268553  8093
FENGYUN 2G              
1 40367U 14090A   16353.88659645 -.00000337  00000-0  00000+0 0  9996
2 40367   0.8071 267.1392 0001303 334.7690 269.7925  1.00267094  7272
METEOSAT-11 (MSG-4)     
1 40732U 15034A   16352.46588905 -.00000038  00000-0  00000+0 0  9992
2 40732   2.1543 249.9859 0001687  22.4843 338.1585  1.00268373  5260
ELEKTRO-L 2             
1 41105U 15074A   16354.08047487 -.00000105  00000-0  00000+0 0  9991
2 41105   0.0470 264.1830 0000334 232.9195  56.0148  1.00269900  3755
HIMAWARI-9              
1 41836U 16064A   16354.36364578 -.00000283  00000-0  00000+0 0  9993
2 41836   0.0330 340.2775 0001011 299.3610  80.3501  1.00273937   549
GOES 16                 
1 41866U 16071A   16354.00395863 -.00000192  00000-0  00000+0 0  9995
2 41866   0.0035 113.0154 0000565 219.3268  27.6548  1.00269648   342
FENGYUN 4A              
1 41882U 16077A   16346.25180459  .00000595 -91339-6  00000+0 0  9998
2 41882  28.4559 319.6436 7307358 180.0314 100.9425  2.28158852    24
CYGFM05                 
1 41884U 16078A   16354.50599775  .00001402  00000-0  78764-4 0  9996
2 41884  34.9604  59.1249 0016155 182.9081 177.1546 15.13207275   600
CYGFM04                 
1 41885U 16078B   16353.58157159  .00000447  00000-0  26074-4 0  9995
2 41885  34.9548  64.8405 0014294 171.8897 188.2050 15.13582251   466
CYGFM02                 
1 41886U 16078C   16354.50542085  .00003044  00000-0  16786-3 0  9999
2 41886  34.9656  59.1204 0015474 179.9983 180.0689 15.13434864   607
CYGFM01                 
1 41887U 16078D   16352.39485036 -.00000020  00000-0  71158-6 0  9996
2 41887  34.9587  72.2047 0016484 164.3030 195.8174 15.13111563   280
CYGFM08                 
1 41888U 16078E   16353.58217307  .00001465  00000-0  82050-4 0  9997
2 41888  34.9539  64.8469 0015697 174.2011 185.8883 15.13281196   452
CYGFM06                 
1 41889U 16078F   16354.24085149  .00001361  00000-0  75497-4 0  9991
2 41889  34.9618  60.7501 0013937 178.3031 181.7829 15.13718848   550
CYGFM07                 
1 41890U 16078G   16354.56955006  .00001595  00000-0  87929-4 0  9998
2 41890  34.9550  58.7086 0013919 180.5991 174.7867 15.13800298   603
CYGFM03                 
1 41891U 16078H   16352.59177652  .00001822  00000-0  10000-3 0  9991
2 41891  34.9598  70.9736 0013483 163.1694 196.9645 15.13877505   310
